(-60.00,-280.00)
17
(-262.00,219.50)
(-278.00,219.50)
(72.00,219.50)
(150.00,219.50)
(178.00,219.50)
(262.00,219.50)
(-262.00,177.50)
(-234.00,177.50)
(-232.00,177.50)
(102.00,177.50)
(198.00,177.50)
(270.00,177.50)
(-272.00,135.50)
(-178.00,135.50)
(80.00,135.50)
(172.00,135.50)
(272.00,135.50)
Left
Right
Left
Left
Left
Left
Left
Left
Left
Right
Right
Left
Right
Right
Right
Left
Right
5
(-140.00,264.00)
(-120.00,168.00)
(-100.00,56.00)
(-80.00,-56.00)
(-60.00,-152.00)
8
(198.00,-208.50)
(198.00,-201.50)
(274.00,-278.00)
(186.00,-263.00)
(-168.00,-233.00)
(-168.00,-173.00)
(-228.00,-18.50)
(-258.00,61.00)
13
277
,65.50)
(240.00,31.00)
(-258.00,140.50)
14
274
